Heure,Balance avant,Balance après,P&L,Action
2023-10-06 20:10:15,7 985.01,8 144.71,+159.70,"Close long position for symbol ACTIVTRADES:AUDNZD at price 1.06626 for 5331434 shares. Position AVG Price was 1.066210, currency: NZD, rate: 0.599089, last updated rate on 2023-10-06T17:41:53Z, point value: 1.000000"
2023-10-06 20:02:45,7 712.12,7 985.01,+272.89,"Close long position for symbol ACTIVTRADES:EURUSD at price 1.05901 for 1186480 shares. Position AVG Price was 1.058780, currency: USD, point value: 1.000000"
2023-10-06 19:58:53,7 712.12,7 712.12,0.00,"Close long position for symbol ACTIVTRADES:AUDNZD at price 1.06614 for 5151390 shares. Position AVG Price was 1.066140, currency: NZD, rate: 0.599089, last updated rate on 2023-10-06T17:41:53Z, point value: 1.000000"
2023-10-06 19:58:14,7 742.08,7 712.12,-29.95,"Close long position for symbol ACTIVTRADES:AUDNZD at price 1.06616 for 5000000 shares. Position AVG Price was 1.066170, currency: NZD, rate: 0.599089, last updated rate on 2023-10-06T17:41:53Z, point value: 1.000000"
2023-10-06 19:57:36,7 532.40,7 742.08,+209.68,"Close long position for symbol ACTIVTRADES:AUDNZD at price 1.06624 for 5000000 shares. Position AVG Price was 1.066170, currency: NZD, rate: 0.599089, last updated rate on 2023-10-06T17:41:53Z, point value: 1.000000"
2023-10-06 19:57:02,7 652.22,7 532.40,-119.82,"Close long position for symbol ACTIVTRADES:AUDNZD at price 1.06617 for 5000000 shares. Position AVG Price was 1.066210, currency: NZD, rate: 0.599089, last updated rate on 2023-10-06T17:41:53Z, point value: 1.000000"
2023-10-06 19:55:59,7 502.44,7 652.22,+149.77,"Close long position for symbol ACTIVTRADES:AUDNZD at price 1.06633 for 5000000 shares. Position AVG Price was 1.066280, currency: NZD, rate: 0.599089, last updated rate on 2023-10-06T17:41:53Z, point value: 1.000000"
2023-10-06 19:54:44,7 502.44,7 502.44,0.00,"Close long position for symbol ACTIVTRADES:EURUSD at price 1.05850 for 1364080 shares. Position AVG Price was 1.058500, currency: USD, point value: 1.000000"
2023-10-06 19:52:34,7 495.26,7 502.44,+7.18,"Close long position for symbol ACTIVTRADES:EURUSD at price 1.05856 for 717980 shares. Position AVG Price was 1.058550, currency: USD, point value: 1.000000"
2023-10-06 19:52:15,7 445.00,7 495.26,+50.26,"Close long position for symbol ACTIVTRADES:EURUSD at price 1.05848 for 717980 shares. Position AVG Price was 1.058410, currency: USD, point value: 1.000000"
2023-10-06 19:49:35,7 416.29,7 445.00,+28.72,"Close long position for symbol ACTIVTRADES:EURUSD at price 1.05838 for 717980 shares. Position AVG Price was 1.058340, currency: USD, point value: 1.000000"
2023-10-06 19:48:46,7 538.79,7 416.29,-122.51,"Close short position for symbol ACTIVTRADES:GBPUSD at price 1.22356 for 942348 shares. Position AVG Price was 1.223430, currency: USD, point value: 1.000000"
2023-10-06 19:47:52,7 567.62,7 538.79,-28.83,"Close short position for symbol ACTIVTRADES:EURUSD at price 1.05829 for 720725 shares. Position AVG Price was 1.058250, currency: USD, point value: 1.000000"
2023-10-06 19:45:36,7 517.50,7 567.62,+50.12,"Close short position for symbol ACTIVTRADES:EURUSD at price 1.05803 for 715952 shares. Position AVG Price was 1.058100, currency: USD, point value: 1.000000"
2023-10-06 18:31:03,7 498.15,7 517.50,+19.35,"Close short position for symbol ACTIVTRADES:EURUSD at price 1.05804 for 483751 shares. Position AVG Price was 1.058080, currency: USD, point value: 1.000000"
2023-10-06 18:30:29,7 459.65,7 498.15,+38.50,"Close short position for symbol ACTIVTRADES:EURUSD at price 1.05804 for 481267 shares. Position AVG Price was 1.058120, currency: USD, point value: 1.000000"
2023-10-06 18:26:57,7 621.92,7 459.65,-162.27,"Close short position for symbol ACTIVTRADES:EURUSD at price 1.05808 for 491737 shares. Position AVG Price was 1.057750, currency: USD, point value: 1.000000"
2023-10-06 18:21:23,7 568.21,7 621.92,+53.71,"Close short position for symbol ACTIVTRADES:EURUSD at price 1.05769 for 488271 shares. Position AVG Price was 1.057800, currency: USD, point value: 1.000000"
2023-10-06 16:23:54,7 088.39,7 568.21,+479.83,"Close long position for symbol ACTIVTRADES:AUDUSD at price 0.63472 for 1090520 shares. Position AVG Price was 0.634280, currency: USD, point value: 1.000000"
2023-10-06 16:22:36,7 035.57,7 088.39,+52.82,"Close short position for symbol ACTIVTRADES:AUDUSD at price 0.63417 for 1056391 shares. Position AVG Price was 0.634220, currency: USD, point value: 1.000000"
2023-10-06 16:22:32,6 866.54,7 035.57,+169.02,"Close long position for symbol ACTIVTRADES:AUDUSD at price 0.63421 for 1056391 shares. Position AVG Price was 0.634050, currency: USD, point value: 1.000000"
2023-10-06 16:22:06,7 006.68,6 866.54,-140.13,"Close long position for symbol ACTIVTRADES:AUDUSD at price 0.63396 for 1077950 shares. Position AVG Price was 0.634090, currency: USD, point value: 1.000000"
2023-10-06 16:19:46,6 894.64,7 006.68,+112.04,"Close long position for symbol ACTIVTRADES:AUDUSD at price 0.63428 for 861829 shares. Position AVG Price was 0.634150, currency: USD, point value: 1.000000"
2023-10-06 16:18:19,6 873.32,6 894.64,+21.32,"Close long position for symbol ACTIVTRADES:AUDUSD at price 0.63411 for 710787 shares. Position AVG Price was 0.634080, currency: USD, point value: 1.000000"
2023-10-06 16:17:26,6 752.48,6 873.32,+120.83,"Close long position for symbol ACTIVTRADES:AUDUSD at price 0.63408 for 710787 shares. Position AVG Price was 0.633910, currency: USD, point value: 1.000000"
2023-10-06 16:16:41,6 674.60,6 752.48,+77.88,"Close long position for symbol ACTIVTRADES:AUDUSD at price 0.63398 for 778833 shares. Position AVG Price was 0.633880, currency: USD, point value: 1.000000"
2023-10-06 16:16:02,6 620.08,6 674.60,+54.52,"Close long position for symbol ACTIVTRADES:AUDUSD at price 0.63396 for 778833 shares. Position AVG Price was 0.633890, currency: USD, point value: 1.000000"
2023-10-06 16:15:16,6 562.18,6 620.08,+57.90,"Close long position for symbol ACTIVTRADES:AUDUSD at price 0.63393 for 1930117 shares. Position AVG Price was 0.633900, currency: USD, point value: 1.000000"
2023-10-06 16:14:38,6 523.80,6 562.18,+38.38,"Close long position for symbol ACTIVTRADES:AUDUSD at price 0.63380 for 767506 shares. Position AVG Price was 0.633750, currency: USD, point value: 1.000000"
2023-10-06 16:13:39,6 309.05,6 523.80,+214.75,"Close long position for symbol ACTIVTRADES:AUDUSD at price 0.63413 for 976159 shares. Position AVG Price was 0.633910, currency: USD, point value: 1.000000"
2023-10-06 16:12:45,6 393.84,6 309.05,-84.80,"Close long position for symbol ACTIVTRADES:EURGBP at price 0.86447 for 498427 shares. Position AVG Price was 0.864610, currency: GBP, rate: 1.215185, last updated rate on 2023-10-06T13:42:52Z, point value: 1.000000"
2023-10-06 16:10:56,6 374.32,6 393.84,+19.52,"Close short position for symbol ACTIVTRADES:AUDUSD at price 0.63345 for 976159 shares. Position AVG Price was 0.633470, currency: USD, point value: 1.000000"
2023-10-06 16:10:16,6 345.03,6 374.32,+29.28,"Close short position for symbol ACTIVTRADES:AUDUSD at price 0.63352 for 976159 shares. Position AVG Price was 0.633550, currency: USD, point value: 1.000000"
2023-10-06 16:09:24,6 630.66,6 345.03,-285.63,"Close short position for symbol ACTIVTRADES:AUDUSD at price 0.63354 for 1020101 shares. Position AVG Price was 0.633260, currency: USD, point value: 1.000000"
2023-10-06 16:07:44,6 481.10,6 630.66,+149.56,"Close short position for symbol ACTIVTRADES:AUDUSD at price 0.63321 for 997092 shares. Position AVG Price was 0.633360, currency: USD, point value: 1.000000"
2023-10-06 16:07:19,6 634.20,6 481.10,-153.10,"Close long position for symbol ACTIVTRADES:AUDUSD at price 0.63337 for 1020645 shares. Position AVG Price was 0.633520, currency: USD, point value: 1.000000"
2023-10-06 16:07:03,6 932.84,6 634.20,-298.65,"Close long position for symbol ACTIVTRADES:AUDUSD at price 0.63354 for 1066590 shares. Position AVG Price was 0.633820, currency: USD, point value: 1.000000"
2023-10-06 16:06:15,6 922.19,6 932.84,+10.65,"Close long position for symbol ACTIVTRADES:AUDUSD at price 0.63386 for 1064952 shares. Position AVG Price was 0.633850, currency: USD, point value: 1.000000"
2023-10-06 16:04:55,6 832.81,6 922.19,+89.38,"Close long position for symbol ACTIVTRADES:EURUSD at price 1.05122 for 154100 shares. Position AVG Price was 1.050640, currency: USD, point value: 1.000000"
2023-10-06 15:37:53,7 011.57,6 832.81,-178.76,"Close long position for symbol ACTIVTRADES:EURUSD at price 1.05065 for 154100 shares. Position AVG Price was 1.051810, currency: USD, point value: 1.000000"
2023-10-06 15:20:54,7 003.93,7 011.57,+7.64,"Close long position for symbol ACTIVTRADES:EURUSD at price 1.05143 for 254688 shares. Position AVG Price was 1.051400, currency: USD, point value: 1.000000"
2023-10-06 15:16:25,6 805.44,7 003.93,+198.49,"Close long position for symbol ACTIVTRADES:EURUSD at price 1.05135 for 283559 shares. Position AVG Price was 1.050650, currency: USD, point value: 1.000000"
2023-10-06 15:04:22,6 897.40,6 805.44,-91.97,"Close long position for symbol ACTIVTRADES:EURUSD at price 1.04965 for 287391 shares. Position AVG Price was 1.049970, currency: USD, point value: 1.000000"
2023-10-06 15:04:04,6 877.34,6 897.40,+20.06,"Close long position for symbol ACTIVTRADES:EURUSD at price 1.04986 for 286555 shares. Position AVG Price was 1.049790, currency: USD, point value: 1.000000"
2023-10-06 15:02:57,6 901.05,6 877.34,-23.71,"Close short position for symbol ACTIVTRADES:EURUSD at price 1.04956 for 84675 shares. Position AVG Price was 1.049280, currency: USD, point value: 1.000000"
2023-10-06 15:01:37,6 818.66,6 901.05,+82.39,"Close short position for symbol ACTIVTRADES:EURUSD at price 1.04879 for 284110 shares. Position AVG Price was 1.049080, currency: USD, point value: 1.000000"
2023-10-06 15:00:50,6 796.01,6 818.66,+22.65,"Close long position for symbol ACTIVTRADES:EURUSD at price 1.04944 for 283166 shares. Position AVG Price was 1.049360, currency: USD, point value: 1.000000"
2023-10-06 14:56:01,6 774.09,6 796.01,+21.92,"Close long position for symbol ACTIVTRADES:EURUSD at price 1.04931 for 199237 shares. Position AVG Price was 1.049200, currency: USD, point value: 1.000000"
2023-10-06 14:54:38,6 906.12,6 774.09,-132.03,"Close short position for symbol ACTIVTRADES:EURUSD at price 1.04903 for 203121 shares. Position AVG Price was 1.048380, currency: USD, point value: 1.000000"
2023-10-06 14:52:23,6 891.41,6 906.12,+14.71,"Close short position for symbol ACTIVTRADES:EURUSD at price 1.04832 for 367647 shares. Position AVG Price was 1.048360, currency: USD, point value: 1.000000"
2023-10-06 14:51:31,6 757.95,6 891.41,+133.47,"Close short position for symbol ACTIVTRADES:EURUSD at price 1.04843 for 168948 shares. Position AVG Price was 1.049220, currency: USD, point value: 1.000000"
2023-10-06 14:50:04,6 697.67,6 757.95,+60.28,"Close short position for symbol ACTIVTRADES:EURUSD at price 1.04937 for 167441 shares. Position AVG Price was 1.049730, currency: USD, point value: 1.000000"
2023-10-06 14:47:31,6 598.69,6 697.67,+98.98,"Close short position for symbol ACTIVTRADES:EURUSD at price 1.04947 for 164967 shares. Position AVG Price was 1.050070, currency: USD, point value: 1.000000"
2023-10-06 14:46:30,6 417.40,6 598.69,+181.29,"Close short position for symbol ACTIVTRADES:EURUSD at price 1.04997 for 160434 shares. Position AVG Price was 1.051100, currency: USD, point value: 1.000000"
2023-10-06 14:42:41,6 395.01,6 417.40,+22.38,"Close short position for symbol ACTIVTRADES:EURUSD at price 1.05106 for 159875 shares. Position AVG Price was 1.051200, currency: USD, point value: 1.000000"
2023-10-06 14:38:44,6 415.92,6 395.01,-20.91,"Close long position for symbol ACTIVTRADES:EURUSD at price 1.05114 for 348502 shares. Position AVG Price was 1.051200, currency: USD, point value: 1.000000"
2023-10-06 14:37:41,6 405.47,6 415.92,+10.46,"Close long position for symbol ACTIVTRADES:EURUSD at price 1.05137 for 348502 shares. Position AVG Price was 1.051340, currency: USD, point value: 1.000000"
2023-10-06 14:37:28,6 273.04,6 405.47,+132.43,"Close long position for symbol ACTIVTRADES:EURUSD at price 1.05145 for 348502 shares. Position AVG Price was 1.051070, currency: USD, point value: 1.000000"
2023-10-06 14:36:46,6 248.64,6 273.04,+24.40,"Close long position for symbol ACTIVTRADES:EURUSD at price 1.05085 for 348502 shares. Position AVG Price was 1.050780, currency: USD, point value: 1.000000"
2023-10-06 14:35:58,6 468.20,6 248.64,-219.56,"Close short position for symbol ACTIVTRADES:EURUSD at price 1.05085 for 348502 shares. Position AVG Price was 1.050220, currency: USD, point value: 1.000000"
2023-10-06 14:34:56,6 530.93,6 468.20,-62.73,"Close long position for symbol ACTIVTRADES:EURUSD at price 1.05034 for 348502 shares. Position AVG Price was 1.050520, currency: USD, point value: 1.000000"
2023-10-06 14:32:34,6 213.79,6 530.93,+317.14,"Close short position for symbol ACTIVTRADES:EURUSD at price 1.05139 for 348502 shares. Position AVG Price was 1.052300, currency: USD, point value: 1.000000"
2023-10-06 14:31:48,6 182.43,6 213.79,+31.37,"Close long position for symbol ACTIVTRADES:EURUSD at price 1.05172 for 348502 shares. Position AVG Price was 1.051630, currency: USD, point value: 1.000000"
2023-10-06 14:31:03,5 969.84,6 182.43,+212.59,"Close long position for symbol ACTIVTRADES:EURUSD at price 1.05247 for 348502 shares. Position AVG Price was 1.051860, currency: USD, point value: 1.000000"
2023-10-06 14:30:34,7 165.20,5 969.84,-1 195.36,"Close long position for symbol ACTIVTRADES:EURUSD at price 1.05184 for 348502 shares. Position AVG Price was 1.055270, currency: USD, point value: 1.000000"
2023-10-06 14:29:56,7 318.54,7 165.20,-153.34,"Close long position for symbol ACTIVTRADES:EURUSD at price 1.05533 for 348502 shares. Position AVG Price was 1.055770, currency: USD, point value: 1.000000"
2023-10-06 14:23:15,7 352.53,7 318.54,-33.98,"Close short position for symbol ACTIVTRADES:GBPJPY at price 181.980 for 460569 shares. Position AVG Price was 181.969000, currency: JPY, rate: 0.006708, last updated rate on 2023-10-06T11:43:05Z, point value: 1.000000"
2023-10-06 14:22:04,7 466.83,7 352.53,-114.30,"Close short position for symbol ACTIVTRADES:GBPJPY at price 181.942 for 460569 shares. Position AVG Price was 181.905000, currency: JPY, rate: 0.006708, last updated rate on 2023-10-06T11:43:05Z, point value: 1.000000"
2023-10-06 14:21:06,7 571.86,7 466.83,-105.04,"Close short position for symbol ACTIVTRADES:GBPJPY at price 181.922 for 460569 shares. Position AVG Price was 181.888000, currency: JPY, rate: 0.006708, last updated rate on 2023-10-06T11:43:05Z, point value: 1.000000"
2023-10-06 14:17:58,7 538.37,7 571.86,+33.49,"Close short position for symbol ACTIVTRADES:GBPJPY at price 181.855 for 499290 shares. Position AVG Price was 181.865000, currency: JPY, rate: 0.006708, last updated rate on 2023-10-06T11:43:05Z, point value: 1.000000"
2023-10-06 14:14:35,7 505.03,7 538.37,+33.34,"Close long position for symbol ACTIVTRADES:GBPJPY at price 181.957 for 497082 shares. Position AVG Price was 181.947000, currency: JPY, rate: 0.006708, last updated rate on 2023-10-06T11:43:05Z, point value: 1.000000"
2023-10-06 14:14:19,7 419.33,7 505.03,+85.70,"Close short position for symbol ACTIVTRADES:GBPJPY at price 181.953 for 491405 shares. Position AVG Price was 181.979000, currency: JPY, rate: 0.006708, last updated rate on 2023-10-06T11:43:05Z, point value: 1.000000"
2023-10-06 14:10:52,7 465.77,7 419.33,-46.43,"Close long position for symbol ACTIVTRADES:GBPJPY at price 182.004 for 494481 shares. Position AVG Price was 182.018000, currency: JPY, rate: 0.006708, last updated rate on 2023-10-06T11:43:05Z, point value: 1.000000"
2023-10-06 14:10:14,7 449.22,7 465.77,+16.55,"Close short position for symbol ACTIVTRADES:GBPJPY at price 182.014 for 493385 shares. Position AVG Price was 182.019000, currency: JPY, rate: 0.006708, last updated rate on 2023-10-06T11:43:05Z, point value: 1.000000"
2023-10-06 13:41:33,7 549.89,7 449.22,-100.66,"Close short position for symbol ACTIVTRADES:GBPJPY at price 181.868 for 500052 shares. Position AVG Price was 181.838000, currency: JPY, rate: 0.006710, last updated rate on 2023-10-06T10:43:04Z, point value: 1.000000"
2023-10-06 13:39:02,7 549.89,7 549.89,0.00,"Close short position for symbol ACTIVTRADES:GBPJPY at price 181.844 for 500052 shares. Position AVG Price was 181.844000, currency: JPY, rate: 0.006710, last updated rate on 2023-10-06T10:43:04Z, point value: 1.000000"
2023-10-06 13:37:46,7 547.17,7 549.89,+2.71,"Close short position for symbol ACTIVTRADES:GBPJPY at price 181.853 for 134696 shares. Position AVG Price was 181.856000, currency: JPY, rate: 0.006710, last updated rate on 2023-10-06T10:43:04Z, point value: 1.000000"